1.907107196729609200e+01 -7.690422712752977930e+01 6.123472638469833385e+01
1.379552529914390568e+01 -9.047424538943504047e+01 5.953028035007179142e+01
-1.691332684808796927e+01 -1.559924253935519722e+01 4.979665852879619337e+01
1.304433601867713577e+01 -7.736584683120186412e+01 6.132557641948252325e+01
2.887389689194657194e+01 -5.904333325075871386e+01 5.796163483144883344e+01
3.275410653402961003e+01 -5.592796187888918524e+01 5.854187526973776556e+01
-2.891821740186942336e+01 -1.440572374420855439e+01 8.181855792409044037e-01
7.866216104177965462e+01 -6.107069730892435189e+01 -2.824101809240391892e-01
-5.893015673409336586e+01 -3.794433521518050867e+01 -2.613383311357034700e+01
-5.694204817433637089e+01 7.399297936106633244e+01 -5.839652402124355035e+01
1.557479029578167129e+01 8.961001150932096948e+01 2.599118563125789194e+01
1.476622291184372493e+01 6.707046700932083638e+01 2.335256497670217968e+01
3.378448310474107785e+01 -4.646706379638612106e+00 -8.458255946841481432e+01
2.165999046987371912e+01 9.023933430413353562e+01 2.260490627535107677e+01
-2.163883905966445198e+01 -4.796575229606921198e+01 1.646737552056330856e+01
-5.358314926801563161e+01 2.868099558555704220e+01 1.404342726913554529e+01
1.177120528282407008e+01 5.570800697513528377e+01 3.701232118162452167e+01
9.779289143764152925e+00 -7.614348728772068853e+01 6.461118646523314624e+01
-5.402859379791762962e+01 8.461231710644209159e+01 -6.615507058499716209e+01
3.751074868490900371e+01 -2.777423641268449117e+01 4.188367551333308114e+01
-5.915771406209124450e+01 -3.952104923436588280e+01 -2.988828570704373888e+01
4.685256360712667600e+01 -2.196867194108568455e+01 1.780988276394583281e+01
8.479518319213449118e+00 -2.733347260915870436e+01 2.457805565901662703e+01
-3.487991319881713537e+01 -4.496825735449041161e+01 -3.799044217419023539e+00
-7.704405700833842729e+01 -1.383162339234067417e+01 -3.661497630805615700e+01
6.186775586212645095e+01 -4.493570387836904878e+00 1.876751580501660044e+01
-1.292648062307293344e+01 -7.961601400721878008e+01 1.923035352045179991e+01
-1.945719025917494349e+01 3.180431106269923447e+01 -1.343367862402859814e+01
1.059240856133346931e+01 -1.589300090335985161e+01 1.252535416245365241e+01
4.938253467945340702e+01 -1.842328755334930790e+01 1.693496040876057762e+01
-5.636569392563340131e+01 -1.679584710112945967e+00 -2.052006447662496313e+01
-6.912745537260612139e+01 2.064127272587835549e+01 -1.212431314008603245e+01
2.690288432057426604e+01 -5.909209325005643620e+01 5.580622440955085040e+01
1.113690560545072117e+01 -8.607647867186493329e+01 5.789916645484263569e+01
4.684206403569758947e+01 -1.080556843905783637e+01 2.993002702691429562e+01
-2.169558827044142291e+01 -1.778045362086401937e+01 -2.831871899430339568e+01
2.931995741350128526e+00 -1.856995770720008210e+01 2.308525096640755692e+01
3.559287150036457348e+01 -8.508680973656527868e+00 5.155198412642471339e+01
-5.778113855005114630e+01 8.566837959911700295e+01 -6.272578568877953842e+01
4.022806356419940244e+01 -1.577237476920157100e+01 3.390796690418366666e+01
4.864490715559982448e+01 -4.968860832685608386e+01 -1.285547293382171219e+01
-5.251087422490901702e+01 -6.611010325414754085e+00 -1.011961299772175416e+01
1.312066059868922352e+01 -2.332395350162380865e+01 1.066734865431117818e+01
5.811610577388196930e+01 1.121390686387488733e+00 1.817464712492081347e+01
-3.813960908143141637e+01 -5.557175715349303147e+01 1.787973033953768720e+01
2.883212931969491422e+01 -1.733353620953148377e+00 2.479950485789242265e+01
-3.247138805945161266e+01 -3.044731872789722615e+01 -6.423832785741913298e+00
3.241169558570243936e+01 8.148160532308924786e+00 -6.840964432189132083e+01
1.309915644729038098e+00 8.659938351860520811e+01 3.466983960255203723e+00
3.004810325944111327e+01 1.304988245156736149e+01 -7.347261842377923813e+01
-7.416330886331977013e+01 -1.288454383926539570e+01 -3.438920067080822918e+01
4.138819977894989677e+00 -7.886565241576599306e+01 4.798927535987350268e+01
-1.526684985126366811e+01 -1.810477703230409574e+01 4.806919756043236447e+01
8.471111205958225199e+00 -7.482114985545257468e+01 3.149455960046641678e+01
5.108517195909190889e+01 8.397961980302186191e+01 1.132934027559460688e+01
1.897579949182415504e+01 6.682496771191678420e+01 2.160837497160353493e+01
3.237939753195195891e+01 -5.043544552080068399e+01 -2.518412547861583306e+01
4.994013663661446856e+01 -2.292801912657806529e+00 2.133465873199632057e+01
-2.056994640621651982e+01 5.579898131344771883e+01 -4.303564944905016887e+01
-4.397775390729835721e+01 -5.644888913351845616e+01 1.679030551928091697e+01
5.048410886943034370e+01 8.820067448011725730e+01 1.398058681661056468e+01
-6.939997510364199229e+01 2.221216660616455130e+01 -1.151681770968577112e+01
1.743736466208780556e+01 7.508708498554236144e+01 6.993444118217042593e+00
-7.511524148157430147e+01 -1.383171238332601760e+01 -3.014537287100248619e+01
-7.493651313722520513e+01 -1.675593551343705556e+01 -3.001068827090813684e+01
-5.334881150664435268e+01 6.911685160682687012e+01 -2.869952720354324782e+01
1.270620399018086921e+01 -9.436292686204248525e+01 5.160533794912727501e+01
4.326623890924962268e+01 -8.321383609053837560e+00 -8.001255572795690796e+01
1.007491843264254072e+01 -7.557607140198780371e+01 5.294759199955124984e+01
-5.217222688921871310e+01 7.767483021869674076e+01 -3.598650558563301871e+01
-3.104169647560214518e+00 -8.352650501709197783e+01 1.814455928580316524e+01
-6.305123431902381270e+01 -2.269369157389677483e+01 -1.190058279763013260e+01
-5.118110173895870219e+01 -7.038739540934203731e+00 -1.324108500272575739e+01
3.898570686085865589e+01 -6.901656890205869033e+00 -7.760460008806694532e+01
2.783340836608003599e+01 -2.894466976858323104e+00 1.827434030129436238e+01
4.601979834273473813e+01 -4.550828528694478514e+00 -9.348469767832941102e+01
1.986760950758277033e+01 9.703894875982520318e+01 2.228334886817003024e+01
4.736663891780932545e+01 5.323650184263472696e+00 -8.113404420409189299e+01
6.827132380776689047e+00 7.967749328249952612e+01 2.440406929651751877e+00
-4.350811014548635569e+01 5.387980436491978509e+01 -4.351359946230345344e+01
6.798398206477682493e+01 4.162994523874051112e+01 -1.999709304913437791e+01
-4.581964302427120828e+01 4.900903144529318922e+01 -4.730463863748678222e+01
4.609958738675752699e+01 -2.022595000467179549e+00 -9.178354866708879456e+01
-4.903859927985117650e+01 -3.219865068386052087e+01 -7.195090611527195534e+00
-2.919513457986821336e+01 8.063815712676185399e+01 -6.107692528841704416e+01
1.236565022050097085e+01 8.613021584095220362e+01 1.852453064704762653e+01
2.301347256987388690e+01 6.772344721427386105e+01 4.408026350363515178e+01
2.136915585872955958e+01 6.555423925146638453e+01 4.234967623572205042e+01
4.565017550537645974e+01 -2.188190742064339744e+01 2.250409773213051068e+01
-7.775161970383179244e-02 6.591622267152462200e+01 -3.281359597533024441e+01
3.667117282841397596e+00 -8.357609396651150746e+01 5.661435370880057150e+01
3.843561575934631946e+01 -4.599866196072094482e+01 -2.434296814984817203e+01
-4.629822481351422425e+01 -3.502281195065328490e+01 -4.016630052032877707e+00
-5.110699090453967131e+01 8.357486188284423179e+01 -3.369611383232451374e+01
1.658587457975956880e+01 -5.973878360832271994e+01 3.595104550096566243e+01
9.280785912120263603e+00 8.074374179751490033e+01 1.152420564718708995e+01
8.528224145149746249e+00 -7.764540208671395760e+01 7.396253723912745670e+01
1.710642294801388630e+00 -7.447625183962398410e+01 7.175667757923267231e+01
-4.988515844390693843e+01 -1.081386859768151432e+01 -1.844866142926543162e+01
3.626038294543969442e+01 6.538184267852147791e+00 -6.794409545398080752e+01
-7.479293730383339778e+01 -2.330324141454270759e+01 -2.834111231474297909e+01
-4.086449791799378772e+01 -4.663362871869117043e+01 -7.132448194162558153e+00
5.505664942842722809e+01 -3.524094933551644004e+01 9.334245755950973944e+00
4.321944126020733989e+01 -4.242172073794721854e+01 -1.538581797144738061e+01
4.330983104760479563e+01 -4.730569016188948694e+01 -8.318505238833242998e+00
-5.391683098651857620e+01 7.105567099327537051e+01 -5.173205443441418794e+01
3.450722215388358904e+01 -5.986139829002691926e+01 3.817230422474638374e+01
5.926608750674365922e+01 -7.950612814072035128e+00 1.352565259247202789e+01
-4.073614921813199174e+01 4.057715784536102888e+01 2.474436338255212675e+01
4.718451209001864299e+01 -5.995922893198864045e+01 -1.686357283654902517e+01
-5.958843297620797586e+01 8.660913068104331103e+01 -6.348061346710059638e+01
3.278846667548499738e+01 -1.883393355318053608e+01 4.270445400940943870e+01
3.273308618441096485e+01 -2.966620761655629224e+01 2.302869050159381459e+01
3.875228352380453600e+01 -4.303475777116731571e+00 -7.586946673856984091e+01
-5.744404668761222155e+01 -3.709519744304250111e+01 -2.348432901104485637e+01
-1.195373218664144421e-01 -8.154085717823842572e+01 5.131326076805687819e+01
2.247161934769975034e+01 9.049521292381659521e+01 9.045706865143934294e+00
1.454392002506011217e+01 7.782457887533001895e+01 2.388565694599389744e+01
3.503195725962996931e+01 -3.947874023851194902e+00 -8.919645629718523594e+01
-3.976909310366939110e+01 -2.572647821416777703e+01 -7.296477778352357113e+00
3.025410911835115968e+01 2.244236142045267002e+01 -6.938494443706716197e+01
-4.936857053950514285e+01 6.873663379809924834e+01 -5.020555067183414621e+01
4.621363427392757472e+01 1.580578734102572769e+00 -8.131533272128004342e+01
4.237647675062244446e+01 2.358768511536622814e+00 -7.934853688670088445e+01
4.175310907753592460e+01 -6.251769173409968516e+01 -1.819544303559210263e+01
-2.484343583939745770e+01 -3.298822937786285792e+01 -3.551891303527888066e+00
3.682048504501990038e+01 -1.253228623377988349e+00 4.864335278084585212e+01
-1.256214378492230921e+01 -4.482301749214590103e+01 2.781442970325586117e+01
2.245473815532169581e+01 1.068453521350485858e+01 -7.150426649952491687e+01
1.278353536750939412e+01 5.979467126193630122e+01 1.595624650870351857e+01
9.618169706288875886e+01 -5.262074797416808991e+01 -4.113736927204438842e+00
7.857532970160637120e+00 8.918974208858301722e+01 -2.867922989289592106e+00
-1.645631302292537868e+01 -1.578266901250354515e+01 5.212785758177474094e+01
9.340431870599934072e+00 -7.567498706239294393e+01 7.433612286114050960e+01
2.134334654182748281e+01 8.502663168929204573e+01 1.263552362354719349e+01
1.858895909229768506e+01 8.601973789250453706e+01 9.310961631107806724e+00
7.846452672041086984e+00 -7.845425001239182450e+01 7.923802286022188923e+01
3.209310899546586171e+01 -1.215713556891723179e+01 2.675399149472363547e+01
2.524752394737419436e+01 7.900748735892997843e+01 1.194332369208029476e+01
-7.587615280536898155e+00 7.971013865533748799e+01 1.490360269963328932e+00
-3.978698722787756736e+01 7.955494428060802647e+01 -5.777144455015018565e+01
-9.794621647330999936e-01 -7.771556147471807208e+01 3.867600508458977515e+01
1.075637635415228388e+01 -7.944523172469706651e+01 4.606568636738403200e+01
3.074663680673563348e+01 8.219364478947618124e+00 -6.591128593499975352e+01
3.058737183029564122e+01 -6.254718553079995047e+01 4.274854774205478236e+01
-1.769571070762973042e-01 -3.090597605014833960e+01 1.748981004818973872e+01
-4.132006862118456780e+01 -4.961472456596114711e+01 -8.998649161379516315e+00
-6.927935913078769659e+01 -1.749090173842361651e+01 -2.129594531194206297e+01
4.072493571150214109e+01 -1.828506794157495108e+01 3.162599327631768986e+01
-3.237299741827386867e+01 6.519641706797264646e+01 -6.193796161672319300e+01
-4.964065812593468507e+01 7.380351085532601019e+01 -4.618341629356553568e+01
3.240653938847464843e+01 -6.405547434216715885e+01 4.321971606133955390e+01
1.519617037406454152e+01 7.356524114534077796e+01 2.788920283690204371e+01
-3.599295652370481235e+01 -7.055576555548344686e+01 4.302043271201889496e+01
1.473457964926292973e+01 -9.224522613459156162e+01 6.110279690357049986e+01
2.161077335862692461e+00 -2.812858154630649565e+01 1.869945600560622267e+01
3.363148358588973252e+01 -1.699457111799949516e+00 -7.409968213934229198e+01
-1.504323621941602518e+01 -5.287112973232905233e+01 2.078750940557165805e+01
1.042159998483065486e+01 -2.117197716961878129e+01 1.100870060498374237e+01
-2.314466471660924185e+01 6.260110666394757573e+01 -3.810101395056540241e+01
-4.972133897910828182e+01 -7.100636895084257105e+00 -1.663144505137896445e+01
1.317534899900118894e+01 6.892170287889960889e+01 4.686828513892177028e+01
3.838124706309541523e+01 -1.650408012136873381e+01 3.833319339310394014e+01
-1.670330942802591068e+01 -3.940985214137009507e+01 3.275192152440817495e+01
-4.371204382192310334e+01 4.874962845565710978e+01 1.110043305169337025e+01
1.188830429127291133e+01 8.652566242350241055e+01 5.416458736849214972e+00
3.356137915817554784e+01 -9.503186791926250265e+00 -6.941044418831266682e+01
-3.429045580167421114e+00 8.023168052077113543e+01 2.844802143806136829e+00
-4.204547374785040148e+01 -5.738571109334217368e+01 2.025634395222743223e+01
2.381520616964882375e+00 9.271731433050652527e+01 2.095995207712622044e+00
3.577428267396157224e+01 -1.317080714702860789e+01 4.000308989041461416e+01
-3.797737071190466196e+01 6.885679020213632384e+01 -4.732725736160531227e+01
5.470740583460901263e+01 -1.250707604588154176e+01 2.105621848110145677e+01
4.383573649009341011e+01 2.050723024426253094e+00 -8.350020187255761073e+01
-5.969658916038162744e+01 -4.376826059100160649e+01 -2.227473899667886315e+01
-5.482422032858236349e+01 3.641413062790269350e+01 -3.476829019737283755e+00
-4.449190646957888617e+01 5.731706066923718623e+01 1.558086174072580654e+01
-4.475124405346497980e+01 4.031947765288174423e+01 1.078654630670751580e+01
3.677557227923691840e+01 -3.742137073165439975e+00 4.893738608846282290e+01
3.893728250755089704e+01 -2.263732262422373154e+01 4.972538111752250956e+01
-2.814277657849372716e+01 -4.031806576690868837e+01 -2.522984694093328883e+01
7.411528895394370764e+00 -1.373979400181913668e+01 8.965462697123419034e+00
-2.266953310386663034e+01 -1.805072395382290651e+01 -2.537031143564191282e+01
-5.124727524981979343e+01 3.160931688263911354e+01 1.163405598250035133e+01
-4.641564209033968780e+01 5.961947963236786308e+01 -4.352756952123921508e+01
8.761093036447713089e+00 -7.080835147830586607e+01 5.070990706341643062e+01
-3.902111380692984710e+01 6.376119461532623944e+01 -4.924327433407395205e+01
3.669150354134949765e+01 -3.423194042042204899e+00 -9.063111332969799605e+01
3.225873264969800402e+01 -4.192336838162761836e+01 -1.255743967585932275e+01
-2.781793989011474721e+01 -3.454842561256511857e+01 -7.675202595524853066e+00
-3.686857613484465190e+01 -2.554043051571349565e+01 -6.793623545389154472e+00
-2.950978256999421845e+01 -6.430338918236778056e+01 5.450442610065334037e+01
3.400411067486248839e+01 -5.063392570195117770e+01 -1.754997974042979081e+01
-3.856405089858923674e+01 -6.427919007386985584e+01 3.621957250285446150e+01
4.851906390149747494e+01 -7.745643940395153804e-01 1.766496276303507784e+01
2.050406603208309164e+01 9.800281032745327536e+01 2.448763685472149021e+01
8.512834713848253898e+01 -6.939532019988686784e+01 -2.088911897561628983e+00
-3.460084392608774095e+01 -5.972860895857225927e+01 4.562659674890574024e+01
-2.762492540694171694e+01 7.205137644581870404e+01 -5.327224764676426361e+01
3.225510338187992687e+01 1.301813908694906985e+01 -7.701162122523457754e+01
2.594696804556323855e+01 -9.870185777357636248e-01 2.438943748089282337e+01
3.223815693776359126e+01 -6.198826437859335847e+00 2.442063143031396777e+01
-2.920634236320402621e+01 -6.952619403669334019e+01 5.723002003506996260e+01
-2.960161566493387042e+01 -6.441502565100090294e+01 5.104290943890892152e+01
2.302051575400132677e+01 8.220142186062178169e+00 -6.085764558895697007e+01
3.409132160123547095e+01 -4.955047653885763737e+01 -2.404513116865600608e+01
3.999671108388317009e+01 -6.508485765817867730e+01 -1.770743922829027284e+01
1.566316589146074811e+01 -7.712734712355377553e+01 6.137439085234735359e+01
1.726842992457282122e+01 -7.351115379562347130e+01 5.233687561397515964e+01
-3.452860923093876266e+01 -6.577738867244947585e+01 4.492887537476500626e+01
-3.537867893801466579e+01 -6.728519814914193375e+01 4.356675874239336110e+01
-3.344950464225858155e+01 -3.112908807151069368e+01 -8.309732950979142885e-01
3.688076053290011913e+01 -4.462109122400762828e+01 -1.628592314582212808e+01
-4.185459754714285907e+01 6.940340838523333389e+01 -3.833484466763772502e+01
-3.758145647255427235e+01 5.954335619266066715e+01 -4.287635112241301982e+01
2.998182304952995381e+01 -4.211007023152409801e+01 -1.523984029842968013e+01
6.001798380198063398e+01 -6.154931111338912686e+00 2.049659995261649215e+01
3.731640026593805004e+01 -8.110219525812686570e+00 5.477549907894929504e+01
-4.753984724249681193e+01 6.880492231334082476e+01 -4.868261278990254226e+01
6.540145142959154612e+01 -1.437156260916453299e+01 4.322477602250827289e+01
4.343710997625819914e+01 -1.929592802544264885e+01 1.296926533116685754e+01
-3.658096993581308709e+01 -3.566504021614981212e+01 -5.427552158387398684e+00
-4.018278640893799292e+01 -5.931238611255669468e+01 2.501533616645088642e+01
-3.592987129789803191e+01 -3.301160980914808363e+01 -5.354994480313962413e+00
3.371869048990913598e+01 9.614969093442681469e+00 -7.100234674489892939e+01
-2.651689376894784544e+01 6.435939713379215732e+01 -3.950415913114201771e+01
-2.871475267783924323e+01 -6.352323074271918557e+01 4.957136583369710081e+01
2.526966588692043203e+01 -5.944796917361439625e+01 5.374814810310713398e+01
4.298022297724791230e+01 -6.128074134119876248e+01 -2.304882646615908826e+01
-8.511799566055092470e+00 -8.123588294951487399e+01 2.787831375954892010e+01
8.900670260086858576e+00 -7.760596819161374071e+01 6.612616649937689317e+01
-1.761383687264759246e+01 -8.854311518964675543e+01 3.994362588562573535e+01
1.117061759436404955e+01 -6.974207799760435478e+01 7.021452793486383825e+01
-1.051407714203778987e+01 -8.584105641186354774e+01 2.790483419363743778e+01
-3.077844572520098865e+01 -6.449691668844995718e+01 5.712497420173108509e+01
4.243989178645719562e+01 -5.474856270482401754e+01 -1.284498788470480335e+01
-1.763503478509862177e+01 -4.099093142183722449e+01 3.023145975030055510e+01
-7.961784112020903592e+01 -1.859224487558776673e+01 -2.819718093130182979e+01
-4.014036682948717072e+01 4.069340191076775426e+01 2.659790685002074895e+01
9.599258790894536375e+00 7.399770027527313232e+01 1.511147014923137633e+01
-5.571809695967476728e+01 -2.110507957025438230e+01 -2.813282328588439185e+01
-4.104526141721302679e+01 3.617010158897030436e+01 5.634913606554253995e+00
3.567993814403950381e+01 -3.102457507855103103e+01 2.208889514473500171e+01
4.731968874069782949e-01 -7.753514857965380713e+01 4.093881833846280927e+01
8.898719111792364345e+01 -6.414615657323948028e+01 -1.037383440716996175e+00
6.850174136264756442e+01 4.600468908955281933e+01 -2.383615688920903253e+01
-4.242037310655919669e+01 -6.002801237748013108e+01 2.033274249165108571e+01
-4.515158049096524451e+01 6.628527464416590931e+01 -6.401883738372495714e+01
-5.329686295287253017e+01 -2.331532235637602568e+01 -2.062338345940416318e+01
-5.661715533585838500e+01 -4.379917134077668806e+01 -2.135694159245324286e+01
4.169862869278236417e+01 -1.666345640094179004e+01 4.213837444697670520e+01
-2.453614650635541494e+01 -3.861401917716999321e+01 2.823569431582748024e+01
-1.907505118324949578e+01 -8.881581618972903414e+01 4.011543645374928246e+01
-4.023937461483006217e+01 -4.433251154474288569e+01 -5.559258924310216621e+00
-5.491751223578253871e+01 -2.148578258804357688e+01 -3.026449137336323858e+01
-2.846545142481128465e+01 -2.734527631439190998e+01 -2.880001460880832642e+00
-3.386401575434280886e+01 -3.068529850895587785e+01 -4.618396542684902961e+00
-5.640274639702283110e+01 8.323015112749790489e+01 -4.036163719700676467e+01
-1.616704096151025283e+01 -1.463888090042493673e+01 -6.045390143524536519e+00
5.894626833501781071e+00 6.351781231630940283e+01 -3.032997109260148250e+01
1.425384044943893258e+00 -7.378922646400572205e+01 4.245486337742706695e+01
9.154123084980804848e+00 -7.922231481135759168e+01 6.135066610640069484e+01
9.208498855492855739e+00 -7.652002390924008068e+01 5.550690354402336624e+01
1.155353894923287328e+01 8.294530963657213363e+01 9.917794230405831968e+00
2.257034654113774153e+01 7.530889088444891399e+01 2.672654101432095430e+01
-7.768749915518094795e+00 -8.294298493331510258e+01 1.993657125539105834e+01
-6.855348580007721182e+00 -8.131979698528522249e+01 2.436565727704410023e+01
-2.415639536860483005e+01 -6.813512761622484959e+01 4.478966202051411472e+01
-6.289152567440262942e+01 -2.189867263051901602e+01 -1.448517437451850398e+01
3.110693496201774266e+01 -8.128112910459716289e+00 2.546782192948205292e+01
-3.128678002842504569e+01 7.399338036401763929e+01 -2.870345299551460627e+01
8.793996429583204133e+01 -6.035507551955537764e+01 -1.376286123642890047e+00
-5.710974887155090585e+01 -1.168015483205580729e+01 -2.677168150773868405e+01
-2.289982347837564447e+01 -3.915606846750134196e+01 2.877767731418123986e+01
-3.827726444020153451e+01 -1.775337703039817683e+01 -8.861229737159082021e+00
-3.260436899842388669e+01 -6.258432567002244440e+01 6.082856463362018218e+01
-1.267949572011525694e+00 -8.447812297103607193e+01 5.473469824717277987e+01
6.564352546249494047e+00 -2.350222086939577437e+01 1.605157742673010546e+01
2.732961307482359992e+00 6.563292217357079039e+01 -2.825619356104566293e+01
9.272539418167401948e+01 -5.891392061141353764e+01 2.431530783883933289e+00
8.044687565768094828e+01 -6.894365798837415582e+01 -2.943662597196115005e+00
7.954597238852965546e+00 -7.841925341817514550e+01 4.751088445114028502e+01
-1.143376086773571210e+01 -8.709091955753677894e+01 3.319055527568035302e+01
2.184719882875639119e+00 -8.062215179541512100e+01 4.880441424302853193e+01
4.033101727989857999e+00 -5.032599100249831992e+01 2.818363713586234809e+01
-4.200918291751571942e+00 -8.149812539379516352e+01 2.949141194098815788e+01
8.801356080322848552e-01 -7.140778072948070587e+01 4.185740301295517440e+01
3.469831073093297302e+00 -2.464204534222940879e+01 1.876251413065684659e+01
9.181158188165764500e+01 -5.856904867985817020e+01 -2.763906862930421315e+00
-1.889830545873574152e+01 -1.810703192372843517e+01 4.668518924602494025e+01
9.225911001899135044e+01 -5.982749022496679459e+01 -4.493449392317290680e+00
7.576661064525011113e+01 -6.863396309650423177e+01 -4.718558120889810859e+00
3.068377970279823330e+01 -2.921246527274662341e+01 2.317524344089316912e+01
1.428252937877921269e+01 7.187860711178399242e+01 2.412379384657840120e+01
4.621141144766726327e+00 1.037348366667568627e+02 -8.344566043148018863e+00
-3.342810421192349679e+01 -6.186271664660856828e+01 6.313024523917450637e+01
-5.324630271156139827e+01 -3.377668388214815565e+01 -6.936846023071876033e+00
-3.269376178964604662e+01 -6.606982731064796610e+01 4.795653696726586901e+01
1.144096138607964441e+01 5.928902119595859688e+01 3.478727618495575769e+01
1.478223053962711475e+01 6.339691408689603946e+01 2.480013828204970139e+01
-3.686074581552617246e+01 -4.146295451258514220e+01 -1.357509456977636919e-01
1.472014283555283320e+01 5.914594155853839652e+01 1.009414610908388532e+01
-3.742971020472609212e+01 3.560238822257844760e+01 1.521822057948434015e+01
-4.332609669116298079e+01 4.033562171589152712e+01 1.088685521309239768e+01
-6.271700410699762074e+01 -1.602285902835962617e+01 -1.791031254241652704e+01
-4.639002929793621632e+01 -7.423106681674895846e+00 -1.606250322322391355e+01
-8.502136267271774273e+01 -1.519174019892139960e+01 -3.832493727361809022e+01
-8.264644331315697912e+01 -1.502790734492925928e+01 -3.743133544622082098e+01
-3.212428432893111818e+01 3.802568457555689463e+01 -2.826705596800619613e+00
3.146465728739233825e+01 4.311501488690706374e+00 3.425897731947979707e+01
-1.368443432561225848e+01 -6.920933576518217478e+01 2.705656915529652551e+01
1.475846033751174424e+01 -2.150116116005427358e+01 6.343246454687697877e+00
-1.296021025257617865e+01 -2.017444368812395794e+01 4.835678102181208970e+01
-7.567647052753976311e+01 -1.911717485425230123e+01 -3.630426686006041592e+01
-1.745494051480028830e+01 -5.900540759298082349e+01 1.914887507135028244e+01
-6.667302162240558516e+01 -2.667210420674873106e+01 -2.319807230765590234e+01
3.415172803487947562e+01 1.659055045118713423e+01 -7.656463426868917566e+01
3.142056747537282035e+01 1.214518871138014866e+01 -7.169500495124837869e+01
7.933203931128057107e+00 -8.528263515934119710e+01 5.787407036863719156e+01
2.271848277820748407e+01 8.006482482727084005e+01 1.187725352237774956e+01
7.170535724472854611e+01 -1.004258142410276378e+01 4.638427159956370360e+01
-4.060756556838700959e+01 8.448651255381437863e+01 -3.733366877176980125e+01
4.624728602872632166e+01 -5.597522472903213497e+01 -2.562625490656214922e+01
-6.685660252067283693e+01 -1.519461215886293637e+01 -1.761352925023827609e+01
-4.938262007409128529e+01 -4.766820943866755300e+01 -2.489817700937587475e+00
2.708054057088862265e+01 1.390982864336599967e+01 -7.458211012441593368e+01
1.911470173021870167e+01 8.577314559931917159e+00 -6.901596788588584275e+01
-5.256288725801424278e+01 3.002270700455371610e+01 1.291379483662445260e+01
-3.728378264335048442e+01 3.984558236526741837e+01 -2.984953660045032819e+00
-4.327745915337094118e+01 4.543118596455908431e+01 1.070234582985216854e+01
-4.140675348125760991e+01 -3.745131919529758591e+01 -3.773196873113861649e+00
1.535523476076983229e+01 6.729751981348317713e+01 4.403393494398282115e+01
4.119167791281508073e+01 -4.661544835379692131e+01 -1.217911547792081528e+01
2.451642028269678519e+01 -6.280027689417564574e+01 4.649204551045554723e+01
-2.581617702727905694e+01 -6.188937810619975011e+01 5.487442029986464576e+01
1.782369252097617718e+01 -6.658690041447940189e+01 4.228053016316081880e+01
1.395479162206888724e+01 8.827198131938121151e+01 2.346171710959159995e+01
-1.193166715176828951e+01 -2.177064812420948670e+01 3.798722970516843844e+01
1.138212688155545749e+01 9.408593827237429252e+01 3.747386665298493824e+01
-3.917014427051152836e+01 3.977743895767796545e+01 2.979592123812454574e+01
4.983101776555221463e+00 -7.413288575637372446e+01 7.909160157985357387e+01
4.384565258219970474e+01 -9.005234204397185138e+00 -7.513869354376507204e+01
-7.112089379477474438e+01 -2.534445619231846791e+01 -1.696772295706497147e+01
2.157551473462366687e+01 -6.286916096158100942e+01 4.720391955086123659e+01
-4.761000561299501044e+01 8.386508861463005360e+01 -4.239712651822247835e+01
-1.083017474199677288e+01 -3.039890753514023203e+01 3.541201922511866940e+01
-6.993607092718301033e+01 -1.630965393949010789e+01 -1.637131562295272502e+01
1.316233953094445575e+01 8.719435913111637149e+01 2.099385129749150636e+01
6.271835902710479749e-01 -4.126207768850628810e+01 3.030220382043741978e+01
-4.477933127683124326e+01 5.042684039869198642e+01 -4.562617937529817169e+01
-5.784983073136700682e+01 -2.621144524066515658e+01 -2.045545899210916829e+01
-3.522355260747465167e+01 6.870394605984208170e+01 -4.077905550948548097e+01
-5.815523354594704131e+01 7.535380245483580097e+01 -6.078011520514262145e+01
9.141172313219082923e+01 -5.358587980997926081e+01 -1.484702665557805945e+00
-4.102609274869244160e+01 6.276219173524999206e+01 -5.656000115686936169e+01
7.797900496610003529e+01 -6.636760190932106696e+01 -3.667599860230726705e+00
2.829623833824766876e+01 5.599850993044244163e+00 2.804670661938436993e+01
8.501128283984857603e+01 -5.379774252152123637e+01 1.479756341387835183e+00
6.699829039983828238e+01 4.194992329141591370e+01 -1.812661412803124250e+01
5.790523232731440828e+01 7.100195215984851593e+00 1.938197810270207455e+01
5.371808459253994528e+00 -5.037170323845783315e+01 2.640601756010039480e+01
1.703236603891253864e+01 6.327846886780356073e+01 3.437240138642718534e+01
3.105583993443406854e+00 6.643110526731989296e+01 -2.552537158894832459e+01
-6.428658964755099703e+01 -1.314991461812057061e+01 -2.002941186436179422e+01
-1.450610212886865114e+01 -4.260922216692656406e+01 2.933066126429475062e+01
4.488679911883508566e+01 -5.811811970800137672e+00 2.607091752844142718e+01
-4.673596000123161076e+01 -3.618847113653762548e+00 -3.070073443231839505e+01
-2.968307764055153797e+01 -3.244686075509594758e+01 -2.452666693143979160e+01
4.091074667325474223e+01 7.868298506746207899e+00 -8.773820673643051293e+01
4.375286077058819956e+01 1.135404372849717847e+00 -9.164660933625265216e+01
-5.651027812859764055e+01 -3.254416916302557183e+01 -6.388448374033819377e+00
2.432450975615300948e+01 6.506602648448954085e+01 2.042466799115740272e+01
5.486216724561207236e+00 -7.318698135022295048e+01 6.163585033183536410e+01
3.642909821638546219e+01 -4.363356510048935633e+01 -1.907709247773097871e+01
9.927502828823026704e+00 -7.290279389133426946e+01 5.119681942469556901e+01
-5.214168515515581248e+01 -4.765644496207809766e+01 -2.605986526984558349e+00
6.324652026087019863e+01 -3.597730682650942757e+00 2.755982694767061147e+01
-3.032227622853433147e+01 -4.015152357575690445e+01 -2.183371935350490745e+01
-4.444323353607342320e-01 -7.391101241969924729e+01 7.184205386408854110e+01
-3.477070704985995686e+00 8.616751773874160847e+01 9.905522080168418952e+00
-4.144591318693732518e+01 5.871217273271757620e+01 -4.811014355253029606e+01
4.477354405778959290e+01 -5.590689428464541422e+00 -6.338584099412102546e+01
5.501838279842051804e+01 -2.343235312039579910e+01 1.316716825740008900e+01
-1.713917014577892672e+01 -5.760644620850635533e+01 1.911873860195143138e+01
-4.356797761571323235e+01 6.824090095007898071e+01 -5.261734170091399676e+01
-4.581708658191639216e+01 2.804794651641473990e+01 6.765616588404379961e+00
9.946185778828017021e+00 7.051484473139997533e+01 2.006724264165915983e+01
-4.242496108745632455e+01 8.109713394158137589e+01 -5.783268972386789386e+01
8.744682371224174133e+00 -2.146317110840653086e+01 9.066380852130802026e+00
-3.468087017479498968e+01 7.168061642657769994e+01 -5.506772131277187299e+01
1.127719764836944272e+01 -1.759619656245934038e+01 1.555304315369624923e+01
-3.633063543743163848e+01 5.812854502296834625e+01 -5.030299630664059407e+01
4.188859096070785171e+01 -4.791880398414700437e+01 -1.469626272220570939e+01
-5.038374226355372798e+00 -4.147954097080612712e+01 2.180527953282236808e+01
-1.137524528024630044e+01 -8.243402865977054716e+01 2.449297501275752253e+01
-1.091330628089599131e+01 -8.012805095767609487e+01 2.437357286043224036e+01
1.329772736574385839e+01 -9.261213905599045404e+01 5.346887783891847334e+01
4.907154079840603700e+00 -7.368174697477978441e+01 5.878985551273169818e+01
4.283057980756407090e+00 -6.686444377026907659e+01 5.239963949929531850e+01
-6.248901415231242140e+01 -1.791811869594924289e+01 -2.403658259660324958e+01
9.866276707834078508e+00 5.834003444599012767e+01 1.081968074233287247e+01
1.519107556923985136e+01 -1.966890487262640264e+01 1.663014701188655309e+01
3.879322467585114964e+01 -1.418584856783641612e+01 4.038833760714449284e+01
4.558464240730417316e+01 -1.490404438946212373e+01 3.335884023255204767e+01
1.369912040521838392e+01 -6.799794894736490392e+01 3.436023954012097192e+01
-5.203206105832644113e+01 3.598657517311215770e+01 9.001822122779090662e+00
3.081016967019926511e+01 2.189185115866408182e+01 -7.310962474953964829e+01
1.241619616746477384e+01 8.105344719557611199e+01 8.846571568312237233e+00
9.371237833496794067e+00 6.156112944701926182e+01 -3.133997539595375059e+01
4.423965961909004108e+01 -6.002305843959634046e+01 -1.712270812953708088e+01
3.458303409153053565e+01 -5.030813181912312615e+01 -9.494481026163766657e+00
1.961731933476352907e+01 6.963977256277442507e+01 1.304502241860677714e+01
-4.595756693628604239e+01 7.928211862202283555e+01 -5.412681320268958984e+01
-3.227118215639906396e+01 7.426473883468773352e+01 -3.012426510106329403e+01
-6.222821802471713681e+01 -2.284951788656462668e+01 -1.967699900199508178e+01
-4.464696546493610896e+01 2.600365326709022984e+00 -3.523824128791339660e+01
-5.659719639058089058e+01 -4.043784728006233564e+01 -2.168103299993353872e+01
-3.100860148258576743e+01 6.314394214928431381e+01 -6.422051274492403650e+01
9.892579821292686404e+01 -5.350252189049267315e+01 -3.231344064180630138e+00
3.630471053970356365e+01 -5.992744135164771890e+00 5.059699354908302382e+01
-5.622709329941427825e+01 8.438538078048280511e+01 -6.283909499496955675e+01
-3.760839696424800138e+01 8.036621538220964567e+01 -4.057940912207445905e+01
2.460375594725423998e+00 -8.689249717072780754e+01 5.049262865535581568e+01
1.316842219085220478e+01 8.713345698763116332e+01 5.216236647104993684e-01
-5.647802216424714317e+01 7.159330847033248801e+01 -5.087171745598617889e+01
-4.237654661283715996e+01 2.981381036414657615e+01 5.214752806642851901e+00
-3.494813405453921007e+01 6.358898418674748854e+01 -4.608764985485776577e+01
4.287503225684157115e+01 -2.121588688678849266e+01 2.693639111354906746e+01
-3.017765507132768832e+01 7.884700557138056354e+01 -5.959937245223645164e+01
-3.135065903321765646e+01 6.423269066415946327e+01 -4.591971329772282218e+01
-3.111757131999582526e+01 7.190185143021619751e+01 -5.322779962675534904e+01
1.661346373670138732e+01 -2.165612926347139577e+01 4.529225850631570793e+00
-6.945781507253204268e+01 -1.674837112570201114e+01 -3.251229031896807697e+01
-6.554965964476858176e+01 -3.160195452200101585e+01 -2.422185977518127586e+01
4.088407936994636316e+01 4.989692375047738437e+00 -8.334850303040431641e+01
5.509407951921504321e+01 -3.361154377274638705e+01 9.879723166686545710e+00
4.322720463220974096e+01 -1.468170209987897268e+00 -7.532684972932740664e+01
-4.440255865480413178e+01 4.928633033845032685e+01 -4.159479853557613183e+01
-4.267871513369341585e+01 6.083174529669586406e+01 -4.508870119538238441e+01
1.315851660760016451e+01 6.526936793710818563e+01 2.028441696092938784e+01
3.614430580269549154e+01 -7.218719065460810214e+00 -7.169519415753802605e+01
7.618563520874540984e+01 -6.547551329985037682e+01 -6.962977750092745888e-01
-2.119270923751266622e+01 3.218501753943325383e+01 -1.351070713490535979e+01
1.301153331476239394e+01 7.584061458965808811e+01 -1.093405876674903787e+01
4.509027405976242164e+01 -1.416266500448884358e+01 -7.314088723348706367e+01
-3.827617131355614788e+01 6.023439892771505555e+01 -4.874259932263375816e+01
5.908489917778918077e+00 1.035382018928344507e+02 -7.386831866780203981e+00
1.840528005900050390e+00 1.040090228707539666e+02 -1.083809459783291906e+01
-5.802039461495876083e+01 -1.502009943178401663e+01 -2.480238445009422321e+01
4.157959376349760561e+01 -4.203069573637853829e+00 2.565945978261040494e+01
-1.860248259081502153e+00 7.163778604141192830e+01 5.107583810815552461e+00
1.114016643259557876e-01 -4.631502358877446568e+01 2.799452397827578309e+01
-4.384154121355260969e+01 5.160087598685993271e+01 -3.763998688965723005e+01
-1.255092190835194543e+01 -7.194196462231991518e+01 2.600765781530739318e+01
7.280381170771002530e+01 3.972955156210068139e+01 -1.739328177787698237e+01
-5.066806089250998468e+01 6.417383662437815417e+01 -5.388036907087499117e+01
-4.647115089403431654e+01 6.880506604245736924e+01 -4.544979328748549108e+01
5.062890236877120032e+01 -2.431470487649246337e+01 1.491035247864849289e+01
-5.460425633198241968e+01 6.793673012815051493e+01 -2.517192988562389999e+01
-4.975129897096851295e+01 3.946834485146997906e+01 7.342801227035396394e+00
-5.062795693536138941e+01 8.440402221665489435e+01 -5.688586716004460442e+01
-3.461357813689758700e+01 7.713129344030161860e+01 -3.357338537025012926e+01
-4.850899795666150993e+01 8.695003876187992375e+01 -5.448386757830020599e+01
1.137507104878724107e+01 8.631889685450521199e+01 1.334307291035959686e+01
3.746437754610209936e+01 -1.858269818758540737e+01 3.975759230006375589e+01
2.966446700498155664e+01 -2.118571351787558044e+01 3.849439718931744636e+01
3.054095252396305682e+01 5.913797845712057466e+00 3.383760595391861159e+01
5.387161460570014526e+01 -6.116000280154803015e+00 1.398650297468054049e+01
-4.900812038287384809e+01 -5.532651127501824639e+00 -3.030430921607812778e+01
4.813939873987134632e+01 -2.078620510818914013e+01 1.675304265546086668e+01
6.030598560759241167e+01 -1.233235215162728693e+01 1.718498628007294471e+01
-7.293537618311782467e+01 -8.568346095647411786e+00 -2.466216332060022509e+01
6.176826990829679431e+01 5.121272533745174549e+00 2.864108126327852943e+01
-4.831814257244533906e+01 6.800363593990162769e+01 -4.276936056294795208e+01
-4.591006463965019435e+01 7.533102799398623972e+01 -3.731288050212857144e+01
7.919780604506193811e+00 7.017542108597828587e+01 2.470901941027348414e+01
-5.044994044156280388e+00 -4.355734003461574844e+01 2.812796811982133960e+01
-3.504181507349930769e+01 7.887344458816598092e+01 -3.276205198878874114e+01
1.624147106264855722e+01 -6.257672350802937444e+01 3.602776186815574988e+01
-2.816073214966791838e+01 -6.827557549370726520e+01 4.837055679488502591e+01
1.625090671343506443e+01 -5.663598215745934539e+01 3.473645091678347541e+01
6.636163067204043386e+01 -1.324713283630302563e+01 4.330412068145177074e+01
-2.438300195787612523e+01 3.268698825088631565e+01 -1.354315559044010264e+01
4.167970933629977281e+01 -2.122641693626109216e+00 -9.240064429453714467e+01
-5.402403322896580562e+01 7.535377628765104419e+01 -3.375828560406646517e+01
-4.422950864149031247e+01 3.980360731150101472e+00 -3.619799760503212127e+01
-2.289928573166205439e+01 -1.858523141152043578e+01 -2.344693299768195516e+01
2.018286902487463763e+01 9.944830703168567254e+01 1.997193363143570366e+01
6.262548374417809072e+01 2.904402987474657305e+00 2.882478629650429625e+01
-4.794994106162192793e+01 8.104154720721477645e+01 -3.904060172298596143e+01
5.658599878841647524e+01 -2.615133810394861058e+01 1.173828790949904821e+01
-3.801341802011716009e+00 -4.396142171270502530e+01 2.730189883394559303e+01
3.145908976601295493e+01 5.993053157649816498e+00 2.367320901183398263e+01
-1.917437101730090987e+01 -1.153789131101931176e+01 4.827263692843984444e+01
-1.806955469430148398e+01 -2.058902037350679493e+01 -3.589126152543286263e+00
6.141328020931573661e+01 1.432054862137656759e+00 1.787349302695571751e+01
6.709081872092480126e+01 -1.709785059068234858e+01 4.343794017803924135e+01
-3.265231415681787652e+00 -3.294969099771569176e+01 1.595610752555694134e+01
-5.283249489007750554e+01 -3.654895920898248107e+01 -8.708323381098580285e+00
9.371529383670402780e+00 -7.894331929250817836e+01 5.752108567335767475e+01
-4.356153331482349245e+01 5.588142577148238388e+01 -4.147399754109289205e+01
1.494815234889953892e+01 6.410275903622994065e+01 3.399465402004349812e+01
-1.789121420465435364e+01 -1.435532672820222899e+01 4.901852127062935693e+01
-6.575128165660285617e+01 -8.827949520344274603e+00 -2.957745099102924513e+01
1.872040681430616971e+01 6.671699577242561929e+01 4.345615349302352826e+01
4.431439979847436872e-01 -2.159977985596311001e+01 8.640089986703246794e+00
-5.768015694519693426e+01 -2.886807464746487994e+01 -1.867714830182553953e+01
-4.265890750886099170e+01 -5.573880957217361498e+01 2.148873120840848117e+01
2.370827333995898201e+01 -7.713038528157848361e+01 5.510756668519246659e+01
-6.577533730841857107e+01 -1.461818807345777138e+01 -2.329008622116140614e+01
3.660286704292638404e+01 -5.803989308501633104e+01 3.587085376768219902e+01
-4.835918283798945083e+01 6.470899936130417984e+01 -5.776524930280109515e+01
1.397047047110804563e+01 8.752950686429576876e+01 -1.275611088731044784e+00
6.759373791575259816e+01 4.718423197857508455e+01 -1.993754209255244447e+01
-3.756007238649474544e+01 4.795748013270129917e+01 9.553299999180042690e+00
4.523559698407559893e+01 -4.914990583251003464e+00 -8.848823298912934376e+01
3.652002996231122722e+01 -3.882730383440950561e+00 -7.963087593008771137e+01
-4.189735173041153615e+01 6.649148773170351490e+01 -3.737948195386919537e+01
3.903326970158207132e+01 -3.771158164636283505e+00 -7.443377177767601438e+01
3.172006862094058377e+01 -4.047323472883161521e+00 2.409948884273452308e+01
-5.681626120879084141e+01 8.586337553250477583e+01 -5.711697275711998856e+01
-2.874409832731540959e+01 -7.468753631671687288e+01 5.915539300030142300e+01
-5.861269312578714619e+01 8.923546457397432619e+01 -5.158496701456582656e+01
1.232408681027540709e+01 5.875173524575081530e+01 1.194298248451265998e+01
-2.041690349759015088e+00 8.592792302657751691e+01 1.052167983772589110e+01
1.610874457999892684e+01 7.173249853808221133e+01 1.203872500426587244e+01
4.492431496157494308e+01 -4.963008808047904807e+01 -1.599867913362341731e+01
3.949464459382096493e+01 -5.090605626439422338e+01 -1.204277300594925748e+01
3.905330738776691391e+01 -4.646299322697561962e+01 -2.063156716706000182e+01
-6.378548709833227548e+01 -1.026442866906167950e+01 -1.890996390280730921e+01
4.458464814074000770e+01 -5.695766256692505891e+01 -2.402304998404345682e+01
6.859220804170703900e+01 3.819136054641372624e+00 2.921228322884505957e+01
-3.167542915196925790e+01 7.299017022710648916e+01 -5.608612679143938351e+01
1.389617787404653093e+01 5.870614619707334469e+01 2.245224550666121033e+01
7.238560968264752660e+01 -6.326022122560615912e+01 -1.663817901483891193e+00
-2.910647505956763936e+01 -4.007515424036781582e+01 -2.393470154645729764e+01
7.611885104121474122e+00 5.664225181754687100e+01 8.232057469180132259e+00
3.815676170265928846e+01 -2.121575965917489270e+01 4.132537716228661395e+01
4.135537634070331592e+01 -1.017659002648667155e+01 4.460635897742836420e+01
-7.596968692102242926e+01 -1.920386325437431907e+01 -2.909085912706046173e+01
-4.037727255265576076e+01 3.609739230776692409e+01 1.336273211073940814e+01
3.922683767386360643e+01 -6.110854662702095652e+00 2.006899453319410043e+01
-2.808079643831150207e+01 -1.610043987350576700e+01 -5.443839474778155996e-01
3.738314866000689562e+01 -4.671585485277341832e+01 -1.556382458617101072e+01
-3.679201079564441557e+01 -6.581891421180013424e+01 4.078057909564495276e+01
-1.927304100638211537e+01 -1.841130506252653376e+01 -4.627442413457662163e+00
7.087226237468539125e+01 4.604428025165955063e+01 -2.541607664430557278e+01
5.562194626891714222e+01 -7.700501788899952516e+00 2.207065738999734350e+01
7.667628448580407508e+01 -6.297649228420519307e+01 -6.261485253605201251e+00
4.598941244807551243e+01 8.894645834228337833e+01 1.445164844834260975e+01
4.396570995843848806e+01 -3.536349410331190768e+00 -6.711019640719659662e+01
-4.568838592562430989e+01 4.011076131780251330e+01 1.390321486539902196e+01
6.042164978048912616e+01 -5.844129868749383228e+00 1.182284150662071731e+01
9.995848744264950625e+00 8.362149534764282066e+01 2.876198745165055470e+01
1.419883313126395485e+01 7.018621353724370238e+01 4.044585887801071777e+01
1.667320121553647638e+01 7.253949847729211342e+01 4.432383884708418265e+01
2.033919685175001657e+00 9.017567666507126489e+01 1.964197858695245547e+00
4.410512403636578682e+01 -4.602602913079595126e+00 -9.149150892963430692e+01
-1.577327594938682020e+00 7.479126537198251867e+01 5.768884931033884556e+00
5.948186754443108981e+01 3.473911430038993053e+00 1.939556504766643030e+01
6.937322450711687338e+01 5.590681888710964387e+00 3.503413861528724027e+01
-6.019809901573498045e+00 -8.279449097274020630e+01 2.022451996663775020e+01
4.578945355825300823e+01 -7.101227999697789173e+00 2.745337663755636726e+01
1.256976290238499772e+01 9.372947970202629620e+01 3.647648777974008993e+01
1.431081141960058289e+01 7.051749117894581786e+01 3.030494043053046127e+01
1.951127129669167815e+01 7.292901485192280120e+01 4.356162356029504679e+01
4.606700611545876711e+01 -5.342480172260357207e+00 -7.135184778203201006e+01
3.975854445436707607e+01 -2.126054813323953496e+01 5.088818227438909503e+01
-5.573798168300141498e+01 6.668247127700098531e+01 -2.216562686801493598e+01
-7.300241922308930498e+01 -6.117829612745095069e+00 -2.282091071965091800e+01
-5.117186469931132109e+01 8.013740776514219988e+01 -3.701885368634378182e+01
9.471083187271997872e+01 -5.208895653853070229e+01 -5.467140270606171804e+00
2.849587294483636413e+01 3.039585132911177379e+00 2.605510973142445152e+01
2.044043475033902624e+01 -7.670202951012893777e+01 5.752066580504649096e+01
1.281850123278728226e+01 -6.923279740329446952e+01 3.369013294622583743e+01
6.989314250330633627e+01 -1.081844140370120222e+01 4.530244994092996791e+01
-1.456113201952584113e+01 -1.234909866644062504e+01 -5.847309597548584925e+00
1.564302474110182395e+01 9.344669903666597577e+01 3.481998819366528153e+01
1.421222675176658434e+01 7.705351420079787772e+01 -1.213276358631635077e+01
2.122009593586942700e+01 8.860596379248094934e+01 9.964292406733662233e+00
-7.914585699523516382e+01 -9.820080973592029139e+00 -3.165178305233415657e+01
7.931661228180185219e+01 -6.165670976419121985e+01 -2.094661817483585597e+00
2.070282907391368710e+01 9.887276094587592468e+01 2.725011163177516593e+01
4.053560418662120668e+01 -4.947236392760685675e+01 -1.128872597220385110e+01
4.973886185896148504e+01 8.629746802598604916e+01 1.286722517963267443e+01
-2.211388231498461820e+01 -1.774697516305893430e+01 -3.289599157203517699e+00
1.348909626969420472e+01 6.971689443665037800e+01 2.455715391073849219e+01
1.960621948464844877e+01 -6.162502145646080720e+01 4.788502112308218273e+01
-3.454734751009168292e+01 -3.488769460046756166e+01 -2.143933660925292983e+01
-3.830087776949965672e+01 -4.295855113563739991e+01 -3.594764053016673344e+00
-4.499207000705455783e+01 5.448135128575068364e+01 -4.877329897747282672e+01
-4.566287476298032999e+01 5.661899626210257708e+01 1.403833456705200611e+01
-2.890010602589279642e+01 -7.242255289031493248e+01 5.817441488992589882e+01
-1.160532843847454032e+01 -7.491260172802893180e+01 2.450267881675511816e+01
-4.691643762585893285e+01 5.638756314525193147e+01 1.269576617051841971e+01
4.825466782093316453e+01 8.738932513372307653e+01 1.351586356197887717e+01
8.829785420343025493e+00 7.983448639278063297e+01 4.112445772948389866e+00
6.970973432681616089e+01 6.016159268039880104e+00 3.657008354310330844e+01
-6.999336256364557585e+01 2.430781724400180011e+01 -1.075124351423928637e+01
3.826241380518623458e+01 -1.172178126300034373e+00 -6.983795711197855383e+01
6.774443088208702335e+00 -7.618470378095238971e+01 7.756090141566190255e+01
5.838117258905267448e+01 -4.279442242399979612e+00 2.563331065652831242e+01
-3.711198295456343743e+01 7.648708614257004967e+01 -5.617360965347164381e+01
-4.054931925737302834e+01 3.281515235398975250e+01 1.346324041167480523e+01
-5.344207774800902655e+01 3.940816697827860793e+01 8.701220661222281549e+00
-3.311271830294568730e+01 6.951561967438472323e+01 -3.988852075530260066e+01
6.934434401112541480e+01 4.342101095120203524e+01 -1.874545607065026331e+01
1.116051170922087366e+01 8.987564980487124444e+01 2.220506632886052856e+01
-3.621450426573724712e+01 -4.163890827876328160e+01 1.965861561582987305e+00
4.899651621018804093e+01 -8.020505457871807131e-02 -8.018769616486366658e+01
7.918965072884086354e+00 -7.599514303836151896e+01 7.071240614750740860e+01
-3.995127585980304730e+01 7.080397116442956928e+01 -3.762080639821088113e+01
3.762114404393845035e+01 -8.883932292489620242e-01 -7.802734346741641502e+01
-3.745422125184125761e+00 -3.710622926696041191e+01 1.964779062762223916e+01
-3.410376814535784717e+01 8.138631878163690203e+01 -4.227425068485806747e+01
-2.726641569801702580e+00 7.633025604090934735e+01 8.458984992269602543e+00
1.543727305591136911e+01 -6.987884156604522445e+01 5.018771961346452315e+01
2.705346080123625541e+00 9.506715170278742733e+01 2.093863851968058132e+00
-6.500055047429164290e+01 -2.335663729808445410e+01 -2.529469149235609748e+01
-3.897889324936400612e+01 6.996956883531140647e+01 -5.702207146490729173e+01
1.206329419244062251e+01 -1.863075065996203961e+01 1.684325696596707544e+01
-5.641942980386782835e+01 -2.382392934141073937e+01 -2.089480191054644820e+01
1.022362738092843282e+00 9.786972646018556077e+01 -1.320985017527491312e+00
6.862517610748487584e+01 4.710535211583054860e+01 -1.739017721006158368e+01
1.968382869544013314e+00 -1.577087966201962033e+01 2.115159594746953076e+01
7.697694027382480897e+01 -6.366377550171713295e+01 -3.829080735358462828e+00
-5.879594404467674451e+00 -5.200036275788075812e+01 3.154641719068185068e+01
6.203188583714863924e+00 5.555148545444152575e+01 6.874102959628863196e+00
-7.771483882587931191e+01 -1.232689514734132885e+01 -3.844884395128323007e+01
1.375093731014586673e+01 5.335864796943909028e+01 1.237477921168104977e+01
-5.693716983249861130e+01 8.667489749920711972e+01 -5.380705773680928417e+01
5.558319557318274917e+01 -2.998307119791933673e+01 1.112827161684639066e+01
1.076186571096362421e+01 6.637222619993002581e+01 3.232403827692689191e+01
9.143723990957175829e+01 -5.824826148228076761e+01 -3.369196169424462650e-01
3.791019607478335018e+01 -2.497277558549587440e+01 4.176612425244803006e+01
-1.162300109682401406e+01 -1.874146213000129890e+01 3.964529239251987036e+01
6.396631301651906654e+01 3.885739618107235316e+01 -2.237063930586071692e+01
3.962420615820702352e+01 -1.965257088552923648e+01 1.005625720401750556e+01
3.566069149627031010e+01 -4.085648641138409687e+01 -2.069133793243931763e+01
-4.210693891723985161e+01 7.790189106155384025e+01 -4.471016695659996998e+01
-4.896719226075560982e+01 6.428359936998627688e+01 -5.953300154501670960e+01
-2.263410503589013700e+01 -1.581589605496260020e+01 -2.862738049428637410e+01
1.948488852756256273e+00 -2.127860475207189950e+01 1.979138286321817120e+01
-4.061034852591122046e+01 7.816792917486043279e+01 -4.254671320448552052e+01
-6.011708930111119287e+01 -2.946542993306200486e+01 -2.185338268711572596e+01
-6.861635509015175671e+01 1.664434373618115259e+01 -1.368764737781859964e+01
1.406783557587482036e+01 7.688135992114314377e+01 4.790515493966953642e+00
6.868781867963494392e+01 4.003267667464508861e+01 -2.125907461630861306e+01
3.845729458461977401e+01 -2.674509215462458656e+01 5.173060350635003601e+01
5.429562881326736345e+01 -4.246584142189075095e+00 2.671518104471867971e+01
2.123149654775832396e+00 6.538074730067081930e+01 -3.040735831416336765e+01
-7.567905038506734172e+01 -1.719792693883985280e+01 -3.804028686984879215e+01
5.773650132644883115e+01 -7.932519313498801239e+00 1.810483012066165287e+01
8.757882750999080201e+01 -6.846843890695100754e+01 -1.765639756011523342e+00
3.023204424782306532e+01 2.474005971725841135e+01 -6.768230643551254389e+01
-1.683320933547931375e+01 -1.674058559003218605e+01 -8.089629944852310572e+00
-5.548912708306898622e+01 3.859210844642281302e+01 -4.277763196512146315e+00
4.859083095420005804e+01 -5.516937296088833165e+01 -1.504001068713892764e+01
-5.075258113017432038e+01 -4.758929067488290698e+00 -1.815742842833510551e+01
-4.024807079428072853e+01 -1.502349032381789939e+01 -1.059361506475731396e+01
4.173549792063676023e+01 -4.830893915429873431e+01 -1.981172536943417484e+01
