The 1 cluster:
1	2	4	5	6	18	33	34	52	54	67	69	71	91	95	97	98	107	116	134	137	142	143	145	152	155	186	208	209	228	230	231	232	233	234	244	253	261	262	263	266	267	277	282	283	284	286	287	319	334	336	341	344	373	375	379	395	396	397	398	399	405	423	479	481	500	509	511	562	574	575	588	601	611	617	

The 2 cluster:
32	62	176	599	646	657	

The 3 cluster:
3	15	23	27	37	45	53	60	128	133	146	154	156	158	164	169	192	194	198	203	204	210	211	223	227	235	237	247	252	268	274	276	278	285	288	290	296	298	311	313	315	335	338	346	349	361	365	384	394	452	454	477	480	492	494	498	503	506	508	522	545	593	594	614	625	627	636	643	

The 4 cluster:
16	28	109	165	177	178	184	239	242	303	304	309	328	329	330	340	386	406	426	443	460	483	515	541	552	592	595	604	605	

The 5 cluster:
13	48	50	68	74	76	78	83	100	114	119	121	123	124	129	144	157	167	174	188	200	205	225	317	318	326	327	342	369	370	382	407	435	437	441	445	484	516	517	519	551	558	567	600	610	613	655	

The 6 cluster:
7	9	21	24	25	31	36	42	47	51	64	65	72	73	84	93	99	101	102	115	120	126	147	148	161	175	181	183	190	191	212	222	224	238	241	249	250	254	255	256	257	259	269	273	275	297	301	305	306	307	308	314	316	324	325	331	343	347	351	364	367	368	371	376	378	400	415	416	417	433	434	449	469	472	486	487	495	499	504	507	510	530	536	540	543	546	570	577	581	586	589	590	609	619	622	629	642	645	652	656	659	660	

The 7 cluster:
10	19	39	59	66	70	80	82	85	90	94	106	111	122	141	150	151	160	172	185	187	199	214	215	219	226	248	258	271	322	345	350	352	353	355	381	385	388	390	392	413	414	418	421	422	425	427	429	430	431	438	439	446	453	456	457	459	461	462	463	474	475	478	485	490	501	512	518	521	523	533	569	571	591	603	606	612	615	620	631	640	641	644	

The 8 cluster:
81	246	359	455	514	547	607	624	637	648	

The 9 cluster:
11	12	14	17	49	55	56	61	63	77	79	86	87	88	96	117	118	130	132	135	136	139	140	153	162	166	168	170	196	240	260	264	265	279	294	295	299	300	302	320	332	337	339	348	362	363	372	380	387	401	408	409	412	424	440	444	447	448	451	464	476	488	502	505	513	524	525	526	534	537	550	554	555	556	557	559	564	565	566	578	579	580	583	585	587	596	597	608	616	618	623	628	630	633	647	651	

The 10 cluster:
8	20	22	26	29	30	35	38	40	41	43	44	46	57	58	75	89	92	103	104	105	108	110	112	113	125	127	131	138	149	159	163	171	173	179	180	182	189	193	195	197	201	202	206	207	213	216	217	218	220	221	229	236	243	245	251	270	272	280	281	289	291	292	293	310	312	321	323	333	354	356	357	358	360	366	374	377	383	389	391	393	402	403	404	410	411	419	420	428	432	436	442	450	458	465	466	467	468	470	471	473	482	489	491	493	496	497	520	527	528	529	531	532	535	538	539	542	544	548	549	553	560	561	563	568	572	573	576	582	584	598	602	621	626	632	634	635	638	639	649	650	653	654	658	661	

