The 1 cluster:
3	15	24	45	47	53	60	102	126	133	147	154	164	169	190	192	194	198	203	204	210	211	212	222	223	224	227	235	237	247	252	254	256	257	259	268	274	276	290	296	298	301	313	325	331	335	338	346	365	368	376	480	494	495	503	508	522	545	546	586	589	590	593	609	636	656	

The 2 cluster:
20	29	35	40	43	46	75	107	113	138	145	149	152	159	163	171	182	201	202	220	243	251	270	293	310	312	321	357	389	391	402	403	404	428	432	465	467	482	493	497	511	520	538	539	573	576	621	635	

The 3 cluster:
10	11	12	14	28	39	49	56	66	70	77	79	80	82	86	94	96	106	111	118	122	130	140	151	153	168	170	185	196	214	215	219	240	258	264	265	271	294	300	322	337	339	345	348	350	352	353	362	367	380	381	387	401	408	413	414	416	421	422	425	438	439	440	443	451	453	456	457	459	461	462	463	464	474	475	476	478	483	485	486	488	490	501	518	521	523	524	525	526	534	537	554	557	559	564	565	569	571	578	583	587	591	597	606	608	612	615	616	618	623	628	630	631	640	644	

The 4 cluster:
1	2	4	5	6	18	23	27	33	34	37	38	52	54	67	69	71	91	95	97	98	112	116	127	128	134	137	142	143	146	155	156	158	179	180	181	186	208	209	218	228	230	231	232	233	234	244	253	261	262	263	266	267	277	278	282	283	284	285	286	287	288	311	315	319	334	336	341	344	349	361	373	375	378	379	384	394	395	396	397	398	399	405	420	423	452	454	466	477	479	481	492	498	500	506	509	536	562	568	574	575	588	594	601	611	614	617	625	627	643	649	

The 5 cluster:
19	36	55	59	61	63	85	90	117	132	135	136	139	141	150	160	166	172	183	187	199	226	248	260	279	295	302	320	355	363	372	385	388	390	392	409	412	418	424	427	429	430	431	444	446	447	448	487	512	513	533	550	579	580	585	596	603	620	641	642	647	651	

The 6 cluster:
7	9	21	72	84	93	115	120	175	191	249	250	269	275	297	316	343	351	371	415	417	434	499	507	543	577	622	645	660	

The 7 cluster:
13	48	50	68	74	76	78	81	83	100	114	119	121	123	124	129	144	157	167	174	188	200	205	225	246	317	318	326	327	342	359	369	370	382	407	435	437	441	445	455	484	514	516	517	519	547	551	558	567	600	607	610	613	624	637	648	655	

The 8 cluster:
26	41	44	57	92	104	108	110	131	189	193	195	206	213	216	217	229	272	280	289	291	323	333	354	358	360	374	393	419	468	471	496	527	529	531	532	544	549	553	560	572	634	639	653	658	661	

The 9 cluster:
16	17	25	31	32	42	51	62	64	65	73	87	88	99	101	109	148	161	162	165	176	177	178	184	238	239	241	242	255	273	299	303	304	305	306	307	308	309	314	324	328	329	330	332	340	347	364	386	400	406	426	433	449	460	469	472	502	504	505	510	515	530	540	541	552	555	556	566	570	581	592	595	599	604	605	619	629	633	646	652	657	659	

The 10 cluster:
8	22	30	58	89	103	105	125	173	197	207	221	236	245	281	292	356	366	377	383	410	411	436	442	450	458	470	473	489	491	528	535	542	548	561	563	582	584	598	602	626	632	638	650	654	

